0 2 34
0 3 59
0 5 14
0 7 36
1 4 61
1 6 55
1 7 31
1 3 20
2 0 34
2 5 81
2 7 3
2 4 15
3 0 59
3 4 82
3 6 87
3 1 20
4 1 61
4 3 82
4 6 51
4 2 15
5 0 14
5 2 81
5 7 98
5 6 74
6 1 55
6 3 87
6 4 51
6 5 74
7 1 31
7 2 3
7 5 98
7 0 36
